0.000000 	 0.000000 	 5.000000 	 10.000000
10.000000 	 5.500000 	 5.000000 	 10.000000
20.000000 	 14.670394 	 5.000000 	 9.926486
30.000000 	 23.927437 	 5.000000 	 9.893416
40.000000 	 33.119026 	 5.000000 	 9.900377
50.000000 	 42.175861 	 5.000000 	 9.946315
60.000000 	 51.024120 	 5.000000 	 10.029899
70.000000 	 59.593521 	 5.000000 	 10.149512
80.000000 	 67.817841 	 5.000000 	 10.303271
90.000000 	 75.635399 	 5.000000 	 10.489044
100.000000 	 82.989464 	 5.000000 	 10.704480
110.000000 	 89.828590 	 5.000000 	 10.947032
120.000000 	 96.106972 	 5.000000 	 11.213984
130.000000 	 100.000000 	 5.000000 	 11.502476
140.000000 	 100.000000 	 5.000000 	 11.801941
150.000000 	 100.000000 	 5.000000 	 12.095601
160.000000 	 100.000000 	 5.000000 	 12.383569
170.000000 	 100.000000 	 5.000000 	 12.665956
180.000000 	 100.000000 	 5.000000 	 12.942869
190.000000 	 100.000000 	 5.000000 	 13.214415
200.000000 	 100.000000 	 5.000000 	 13.480696
210.000000 	 100.000000 	 5.000000 	 13.741816
220.000000 	 100.000000 	 5.000000 	 13.997875
230.000000 	 100.000000 	 5.000000 	 14.248970
240.000000 	 100.000000 	 5.000000 	 14.495198
250.000000 	 100.000000 	 5.000000 	 14.736654
260.000000 	 100.000000 	 5.000000 	 14.973430
270.000000 	 100.000000 	 5.000000 	 15.205616
280.000000 	 100.000000 	 5.000000 	 15.433302
290.000000 	 100.000000 	 5.000000 	 15.656573
300.000000 	 100.000000 	 5.000000 	 15.875518
310.000000 	 100.000000 	 5.000000 	 16.090218
320.000000 	 100.000000 	 5.000000 	 16.300756
330.000000 	 100.000000 	 5.000000 	 16.507215
340.000000 	 99.941032 	 5.000000 	 16.709671
350.000000 	 94.907028 	 5.000000 	 16.907951
360.000000 	 89.554764 	 5.000000 	 17.080969
370.000000 	 83.937462 	 5.000000 	 17.227859
380.000000 	 78.109314 	 5.000000 	 17.348000
390.000000 	 72.124977 	 5.000000 	 17.441011
400.000000 	 66.039139 	 5.000000 	 17.506758
410.000000 	 59.906036 	 5.000000 	 17.545334
420.000000 	 53.778999 	 5.000000 	 17.557066
430.000000 	 47.710026 	 5.000000 	 17.542500
440.000000 	 41.749359 	 5.000000 	 17.502392
450.000000 	 35.945126 	 5.000000 	 17.437698
460.000000 	 30.342953 	 5.000000 	 17.349562
470.000000 	 24.985653 	 5.000000 	 17.239296
480.000000 	 19.912926 	 5.000000 	 17.108372
490.000000 	 15.161093 	 5.000000 	 16.958401
500.000000 	 10.762872 	 5.000000 	 16.791117
510.000000 	 6.747183 	 5.000000 	 16.608360
520.000000 	 3.138994 	 5.000000 	 16.412060
530.000000 	 0.000000 	 5.000000 	 16.204210
540.000000 	 0.000000 	 5.000000 	 15.987034
550.000000 	 0.000000 	 5.000000 	 15.774068
560.000000 	 0.000000 	 5.000000 	 15.565229
570.000000 	 0.000000 	 5.000000 	 15.360439
580.000000 	 0.000000 	 5.000000 	 15.159618
590.000000 	 0.000000 	 5.000000 	 14.962690
600.000000 	 0.000000 	 5.000000 	 14.769579
610.000000 	 0.000000 	 5.000000 	 14.580212
620.000000 	 0.000000 	 5.000000 	 14.394514
630.000000 	 0.000000 	 5.000000 	 14.212417
640.000000 	 0.000000 	 5.000000 	 14.033848
650.000000 	 0.000000 	 5.000000 	 13.858741
660.000000 	 0.000000 	 5.000000 	 13.687028
670.000000 	 0.000000 	 5.000000 	 13.518643
680.000000 	 0.000000 	 5.000000 	 13.353522
690.000000 	 2.454709 	 5.000000 	 13.191602
700.000000 	 5.531351 	 5.000000 	 13.043264
710.000000 	 8.855169 	 5.000000 	 12.910894
720.000000 	 12.391929 	 5.000000 	 12.795234
730.000000 	 16.106407 	 5.000000 	 12.696864
740.000000 	 19.962719 	 5.000000 	 12.616206
750.000000 	 23.924633 	 5.000000 	 12.553520
760.000000 	 27.955893 	 5.000000 	 12.508907
770.000000 	 32.020519 	 5.000000 	 12.482313
780.000000 	 36.083122 	 5.000000 	 12.473529
790.000000 	 40.109180 	 5.000000 	 12.482202
800.000000 	 44.065308 	 5.000000 	 12.507837
810.000000 	 47.919518 	 5.000000 	 12.549810
820.000000 	 51.641464 	 5.000000 	 12.607369
830.000000 	 55.202656 	 5.000000 	 12.679649
840.000000 	 58.576656 	 5.000000 	 12.765681
850.000000 	 61.739258 	 5.000000 	 12.864403
860.000000 	 64.668633 	 5.000000 	 12.974668
870.000000 	 67.345459 	 5.000000 	 13.095261
880.000000 	 69.753036 	 5.000000 	 13.224905
890.000000 	 71.877357 	 5.000000 	 13.362282
900.000000 	 73.707161 	 5.000000 	 13.506034
910.000000 	 75.233963 	 5.000000 	 13.654786
920.000000 	 76.452057 	 5.000000 	 13.807151
930.000000 	 77.358513 	 5.000000 	 13.961745
940.000000 	 77.953117 	 5.000000 	 14.117200
950.000000 	 78.238304 	 5.000000 	 14.272171
960.000000 	 78.219101 	 5.000000 	 14.425353
970.000000 	 77.902992 	 5.000000 	 14.575483
980.000000 	 77.299812 	 5.000000 	 14.721359
990.000000 	 76.421600 	 5.000000 	 14.861841
1000.000000 	 75.282448 	 5.000000 	 14.995863
1010.000000 	 73.898331 	 5.000000 	 15.122439
1020.000000 	 72.286926 	 5.000000 	 15.240673
1030.000000 	 70.467415 	 5.000000 	 15.349759
1040.000000 	 68.460297 	 5.000000 	 15.448988
1050.000000 	 66.287148 	 5.000000 	 15.537753
1060.000000 	 63.970467 	 5.000000 	 15.615550
1070.000000 	 61.533428 	 5.000000 	 15.681982
1080.000000 	 58.999660 	 5.000000 	 15.736757
1090.000000 	 56.393059 	 5.000000 	 15.779688
1100.000000 	 53.737560 	 5.000000 	 15.810696
1110.000000 	 51.056934 	 5.000000 	 15.829803
1120.000000 	 48.374599 	 5.000000 	 15.837135
1130.000000 	 45.713425 	 5.000000 	 15.832911
1140.000000 	 43.095551 	 5.000000 	 15.817445
1150.000000 	 40.542206 	 5.000000 	 15.791140
1160.000000 	 38.073570 	 5.000000 	 15.754479
1170.000000 	 35.708618 	 5.000000 	 15.708026
1180.000000 	 33.464977 	 5.000000 	 15.652410
1190.000000 	 31.358820 	 5.000000 	 15.588325
1200.000000 	 29.404766 	 5.000000 	 15.516520
1210.000000 	 27.615784 	 5.000000 	 15.437792
1220.000000 	 26.003122 	 5.000000 	 15.352978
1230.000000 	 24.576265 	 5.000000 	 15.262946
1240.000000 	 23.342884 	 5.000000 	 15.168588
1250.000000 	 22.308819 	 5.000000 	 15.070810
1260.000000 	 21.478071 	 5.000000 	 14.970529
1270.000000 	 20.852821 	 5.000000 	 14.868655
1280.000000 	 20.433445 	 5.000000 	 14.766096
1290.000000 	 20.218554 	 5.000000 	 14.663741
1300.000000 	 20.205055 	 5.000000 	 14.562456
1310.000000 	 20.388218 	 5.000000 	 14.463077
1320.000000 	 20.761755 	 5.000000 	 14.366403
1330.000000 	 21.317902 	 5.000000 	 14.273192
1340.000000 	 22.047533 	 5.000000 	 14.184155
1350.000000 	 22.940268 	 5.000000 	 14.099947
1360.000000 	 23.984581 	 5.000000 	 14.021171
1370.000000 	 25.167940 	 5.000000 	 13.948364
1380.000000 	 26.476925 	 5.000000 	 13.882005
1390.000000 	 27.897373 	 5.000000 	 13.822502
1400.000000 	 29.414518 	 5.000000 	 13.770196
1410.000000 	 31.013123 	 5.000000 	 13.725359
1420.000000 	 32.677616 	 5.000000 	 13.688193
1430.000000 	 34.392250 	 5.000000 	 13.658832
1440.000000 	 36.141232 	 5.000000 	 13.637334
1450.000000 	 37.908844 	 5.000000 	 13.623696
1460.000000 	 39.679592 	 5.000000 	 13.617844
1470.000000 	 41.438335 	 5.000000 	 13.619639
1480.000000 	 43.170403 	 5.000000 	 13.628883
1490.000000 	 44.861691 	 5.000000 	 13.645318
1500.000000 	 46.498783 	 5.000000 	 13.668631
1510.000000 	 48.069057 	 5.000000 	 13.698458
1520.000000 	 49.560764 	 5.000000 	 13.734387
1530.000000 	 50.963081 	 5.000000 	 13.775970
1540.000000 	 52.266243 	 5.000000 	 13.822712
1550.000000 	 53.461540 	 5.000000 	 13.874093
1560.000000 	 54.541389 	 5.000000 	 13.929564
1570.000000 	 55.499386 	 5.000000 	 13.988556
1580.000000 	 56.330311 	 5.000000 	 14.050480
1590.000000 	 57.030148 	 5.000000 	 14.114738
1600.000000 	 57.596100 	 5.000000 	 14.180730
1610.000000 	 58.026566 	 5.000000 	 14.247850
1620.000000 	 58.321152 	 5.000000 	 14.315501
1630.000000 	 58.480610 	 5.000000 	 14.383095
1640.000000 	 58.506840 	 5.000000 	 14.450056
1650.000000 	 58.402824 	 5.000000 	 14.515831
1660.000000 	 58.172585 	 5.000000 	 14.579888
1670.000000 	 57.821117 	 5.000000 	 14.641725
1680.000000 	 57.354324 	 5.000000 	 14.700868
1690.000000 	 56.778957 	 5.000000 	 14.756878
1700.000000 	 56.102528 	 5.000000 	 14.809354
1710.000000 	 55.333225 	 5.000000 	 14.857934
1720.000000 	 54.479820 	 5.000000 	 14.902300
1730.000000 	 53.551617 	 5.000000 	 14.942173
1740.000000 	 52.558300 	 5.000000 	 14.977324
1750.000000 	 51.509899 	 5.000000 	 15.007567
1760.000000 	 50.416653 	 5.000000 	 